184579
184512
189939
189872
183199
183132
196155
196088
208251
208184
191963
191896
213887
213820
224219
224152
204110
204048
209458
209396
213522
213460
212218
212156
218462
218400
221650
221588
225226
225164
228602
228540
227038
226976
243834
243772
227258
227196
212434
212372
213778
213716
222898
222836
241070
241008
236490
236428
225562
225500
242222
242160
248582
248520
259146
259084
223582
223520
247054
246992
250582
250520
249782
249720
249278
249216
255410
255348
269910
269848
212610
212548
231886
231824
238626
238564
217451
217384
235095
235028
234503
234436
218363
218296
221995
221928
238615
238548
218539
218472
231435
231368
223770
223704
231382
231316
243890
243824
239458
239392
233930
233864
244455
244388
251999
251932
255851
255784
272227
272160
251339
251272
245107
245040
240003
239936
239783
239716
239983
239916
