20920
9444
28480
9736
20168
9624
24304
9660
18024
9616
18440
10840
21580
9656
27220
9732
20664
9696
29444
9776
31368
9716
23184
9708
22676
9812
24040
9816
19588
9772
21540
9788
18912
9788
20744
9776
21280
9788
24164
9852
25072
9944
22680
9900
20664
9864
28492
9992
32112
10016
16296
9944
21656
9904
25192
9968
20472
9924
29352
10012
21964
9964
22724
10156
28868
10152
20608
10132
31920
10176
31756
10236
26968
10220
26616
10152
23824
10188
22336
10196
29264
10260
22736
10180
18252
10184
18720
10152
21940
10220
19152
10224
19524
10224
16372
10148
24056
10296
28880
10360
17752
10236
26172
10340
20448
10304
25208
10320
29008
10392
20780
10516
29596
10460
25120
10392
16572
10252
31752
10396
