20939
9444
28593
9736
20281
9624
24417
9660
18137
9616
18553
10840
21693
9656
27333
9732
20777
9696
29557
9776
31481
9716
23297
9708
22789
9812
24153
9816
19701
9772
21653
9788
19025
9788
20857
9776
21393
9788
24277
9852
25185
9944
22793
9900
20777
9864
28605
9992
32225
10016
16409
9944
21769
9904
25305
9968
20585
9924
29465
10012
22077
9964
22837
10156
28981
10152
20721
10132
32033
10176
31869
10236
27081
10220
26729
10152
23937
10188
22449
10196
29377
10260
22849
10180
18365
10184
18833
10152
22053
10220
19265
10224
19637
10224
16485
10148
24169
10296
28993
10360
17865
10236
26285
10340
20561
10304
25321
10320
29121
10392
20893
10516
29709
10460
25233
10392
16685
10252
31865
10396
